0.0000000 -2.5863793
0.0010000 0.3609187
0.0020000 0.2997143
0.0030000 0.7901685
0.0040000 1.7660152
0.0050000 2.8756042
0.0060000 3.9766035
0.0070000 -6.1412268
0.0080000 -0.4364968
0.0090000 -1.9975498
0.0100000 5.6367698
0.0110000 1.8988305
0.0120000 2.9721990
0.0130000 -0.7752094
0.0140000 4.1219745
0.0150000 3.5795450
0.0160000 7.8334866
0.0170000 8.0389833
0.0180000 3.3325789
0.0190000 -0.4168799
0.0200000 3.0242624
0.0210000 4.8405061
0.0220000 1.8782020
0.0230000 -1.2298517
0.0240000 1.6541901
0.0250000 4.2210250
0.0260000 6.5231013
0.0270000 -1.6449959
0.0280000 -1.6712576
0.0290000 -1.9939936
0.0300000 1.8600421
0.0310000 -6.0733895
0.0320000 -3.6118362
0.0330000 3.6997340
0.0340000 4.9878826
0.0350000 -0.8061811
0.0360000 0.0490502
0.0370000 6.1560078
0.0380000 3.5469983
0.0390000 4.7196689
0.0400000 7.3972573
0.0410000 14.3648520
0.0420000 -4.9398198
0.0430000 -8.9489651
0.0440000 18.1120281
0.0450000 -6.7753143
0.0460000 -1.5122114
0.0470000 -4.6846166
0.0480000 1.3693238
0.0490000 -8.1793995
0.0500000 7.0515418
0.0510000 3.2259424
0.0520000 4.7119308
0.0530000 -7.3807106
0.0540000 4.2247138
0.0550000 9.2587004
0.0560000 10.1571550
0.0570000 -7.7140927
0.0580000 -3.9925659
0.0590000 -0.5937665
0.0600000 12.9344769
0.0610000 -5.2963066
0.0620000 -0.9938111
0.0630000 -6.3793068
0.0640000 -0.6130576
0.0650000 -7.7856607
0.0660000 -11.7419176
0.0670000 6.0941286
0.0680000 5.4661226
0.0690000 -1.7888988
0.0700000 9.0626307
0.0710000 -9.1514158
0.0720000 0.2002650
0.0730000 -4.3730946
0.0740000 -7.3269453
0.0750000 13.6544170
0.0760000 -3.3872116
0.0770000 -2.7380128
0.0780000 6.2550602
0.0790000 -4.8159685
0.0800000 -5.2273188
0.0810000 7.5151706
0.0820000 3.7876129
0.0830000 5.4475451
0.0840000 0.1095122
0.0850000 -3.8934593
0.0860000 -6.9257274
0.0870000 0.7922868
0.0880000 -4.6012912
0.0890000 13.3330765
0.0900000 3.3725538
0.0910000 3.6803396
0.0920000 11.2472878
0.0930000 -5.7890167
0.0940000 -3.6904509
0.0950000 -2.4344289
0.0960000 5.3099484
0.0970000 -5.5885963
0.0980000 -6.3269753
0.0990000 -2.2895589
0.1000000 2.8849790
0.1010000 -4.9463239
0.1020000 8.6734409
0.1030000 0.6893823
0.1040000 4.4436846
0.1050000 3.6754172
0.1060000 -2.8391519
0.1070000 3.3400691
0.1080000 5.8359032
0.1090000 9.4111500
0.1100000 5.3623261
0.1110000 -3.6515603
0.1120000 -0.0639328
0.1130000 -4.0511017
0.1140000 -5.0971613
0.1150000 -2.5121019
0.1160000 9.0544176
0.1170000 -5.5409303
0.1180000 1.6161920
0.1190000 -0.9770957
0.1200000 8.9156427
0.1210000 -4.3698430
0.1220000 -5.7664990
0.1230000 -8.5920000
0.1240000 -4.7583332
0.1250000 -4.0207453
0.1260000 8.6340389
0.1270000 -1.1520420
0.1280000 6.9571280
0.1290000 7.7688961
0.1300000 4.7337770
0.1310000 14.1966639
0.1320000 -8.1490717
0.1330000 -3.5531559
0.1340000 -5.4703646
0.1350000 -7.1960311
0.1360000 8.8677807
0.1370000 1.8143764
0.1380000 1.0824300
0.1390000 1.0444407
0.1400000 1.8836050
0.1410000 -0.5399474
0.1420000 1.4833083
0.1430000 -5.3147964
0.1440000 -3.0812309
0.1450000 -2.7178750
0.1460000 2.1921575
0.1470000 5.5340209
0.1480000 5.5448818
0.1490000 11.8995171
0.1500000 0.6932967
0.1510000 2.3189387
0.1520000 -5.7765470
0.1530000 0.3786546
0.1540000 5.0882244
0.1550000 -1.5696923
0.1560000 -3.4040763
0.1570000 -9.8222084
0.1580000 9.1870289
0.1590000 -4.2881021
0.1600000 -2.9150839
0.1610000 0.2465987
0.1620000 -3.1083701
0.1630000 5.4892273
0.1640000 6.4834762
0.1650000 6.6362314
0.1660000 -6.3468270
0.1670000 -3.1934538
0.1680000 -2.4888194
0.1690000 0.2229263
0.1700000 9.4967623
0.1710000 -4.6699657
0.1720000 0.6369538
0.1730000 3.6488738
0.1740000 2.3711832
0.1750000 9.0415449
0.1760000 -5.0874648
0.1770000 2.1863227
0.1780000 2.9978070
0.1790000 -5.3034196
0.1800000 1.4967475
0.1810000 5.3909879
0.1820000 4.4257007
0.1830000 -1.4418253
0.1840000 5.7456579
0.1850000 -1.4792475
0.1860000 1.4075627
0.1870000 1.1772207
0.1880000 1.8014675
0.1890000 -6.3736329
0.1900000 1.8384385
0.1910000 4.2115040
0.1920000 -2.1892002
0.1930000 6.2245831
0.1940000 6.4031734
0.1950000 -1.4060644
0.1960000 1.7851523
0.1970000 -3.2187052
0.1980000 4.3901534
0.1990000 9.0494003
0.2000000 0.2466416
0.2010000 -1.6388627
0.2020000 -5.5652194
0.2030000 -2.4905286
0.2040000 1.0767906
0.2050000 -3.7134871
0.2060000 7.3345981
0.2070000 1.5949955
0.2080000 7.1879592
0.2090000 -2.3957770
0.2100000 3.1619933
0.2110000 8.1647091
0.2120000 0.2030435
0.2130000 -0.5156490
0.2140000 2.2423775
0.2150000 -4.9602795
0.2160000 0.5206391
0.2170000 -6.5851235
0.2180000 -0.7672867
0.2190000 -0.0652333
0.2200000 -3.1238127
0.2210000 -4.6279678
0.2220000 3.0665720
0.2230000 -3.8260133
0.2240000 0.9879624
0.2250000 3.0648620
0.2260000 5.0286560
0.2270000 1.1372957
0.2280000 6.5705342
0.2290000 4.6210194
0.2300000 1.3916852
0.2310000 -5.6894741
0.2320000 1.7471811
0.2330000 -1.5518030
0.2340000 0.4279268
0.2350000 2.5617914
0.2360000 -0.8244403
0.2370000 -5.4655404
0.2380000 -0.2361989
0.2390000 -6.2253175
0.2400000 1.7753569
0.2410000 0.6953949
0.2420000 0.8233608
0.2430000 -5.9135752
0.2440000 5.7709060
0.2450000 -6.6929159
0.2460000 4.3619752
0.2470000 -10.5685883
0.2480000 -0.2597623
0.2490000 3.2553070
0.2500000 4.6984830
0.2510000 5.5324340
0.2520000 1.7189211
0.2530000 -6.7648740
0.2540000 -4.0081973
0.2550000 -4.8960772
0.2560000 4.9483991
0.2570000 1.3943652
0.2580000 0.5412408
0.2590000 -10.7622318
0.2600000 -4.3919148
0.2610000 -2.6707718
0.2620000 4.0599904
0.2630000 1.1131319
0.2640000 -0.0744274
0.2650000 -6.0714331
0.2660000 -4.0883484
0.2670000 0.4339705
0.2680000 -3.2887285
0.2690000 5.8610706
0.2700000 -3.1170692
0.2710000 1.8237273
0.2720000 4.6091161
0.2730000 -2.0127006
0.2740000 8.8535376
0.2750000 7.0774536
0.2760000 -2.6514792
0.2770000 1.0349281
0.2780000 -8.8866405
0.2790000 -7.2854691
0.2800000 -5.7263923
0.2810000 3.7409337
0.2820000 -4.8583956
0.2830000 -5.4756365
0.2840000 -10.4883575
0.2850000 -1.0652494
0.2860000 -5.5069432
0.2870000 2.6511648
0.2880000 -5.5652475
0.2890000 -2.8567309
0.2900000 6.0139508
0.2910000 -2.2347751
0.2920000 2.6202884
0.2930000 5.8058434
0.2940000 5.7570028
0.2950000 -1.4857644
0.2960000 0.6100542
0.2970000 8.6189966
0.2980000 -7.0290136
0.2990000 -0.5498021
0.3000000 -4.6897712
0.3010000 6.3021250
0.3020000 -0.1021160
0.3030000 -3.2570882
0.3040000 1.2473410
0.3050000 3.2997720
0.3060000 2.8463764
0.3070000 4.4292712
0.3080000 -5.6360493
0.3090000 3.1169891
0.3100000 -6.2392468
0.3110000 -2.1046779
0.3120000 1.6482553
0.3130000 6.3481922
0.3140000 2.8690362
0.3150000 -7.6239719
0.3160000 -4.0508742
0.3170000 4.3921518
0.3180000 -1.9212384
0.3190000 -10.9854450
0.3200000 -5.6962008
0.3210000 1.2976606
0.3220000 -5.1875205
0.3230000 3.9724627
0.3240000 0.8213049
0.3250000 8.4883776
0.3260000 1.4409388
0.3270000 -2.7592382
0.3280000 -2.3351798
0.3290000 -1.2658987
0.3300000 9.8206015
0.3310000 -2.3123598
0.3320000 2.1140285
0.3330000 -7.3762994
0.3340000 4.5941834
0.3350000 -1.6887764
0.3360000 8.1198368
0.3370000 1.3642137
0.3380000 -12.5839949
0.3390000 -12.6194553
0.3400000 1.7860541
0.3410000 7.6643257
0.3420000 1.1282777
0.3430000 -0.3297312
0.3440000 -2.2851305
0.3450000 6.0776267
0.3460000 2.8844025
0.3470000 12.5945787
0.3480000 3.8078542
0.3490000 -11.5951281
0.3500000 0.5428231
0.3510000 -2.9963679
0.3520000 2.9781814
0.3530000 -0.2302554
0.3540000 -5.1000957
0.3550000 6.2841220
0.3560000 3.5064540
0.3570000 5.0192862
0.3580000 -1.9932593
0.3590000 0.2135568
0.3600000 2.8298430
0.3610000 -0.3343226
0.3620000 -3.6360536
0.3630000 -2.3927739
0.3640000 8.3301258
0.3650000 4.9626193
0.3660000 7.7378764
0.3670000 8.4441671
0.3680000 2.1373723
0.3690000 1.8993782
0.3700000 -9.4488783
0.3710000 -4.8126016
0.3720000 -4.7567744
0.3730000 3.9572268
0.3740000 -4.0878062
0.3750000 -2.2436655
0.3760000 -8.9476137
0.3770000 15.3643789
0.3780000 4.3303046
0.3790000 4.8937120
0.3800000 1.0429300
0.3810000 -3.0883629
0.3820000 -1.1309795
0.3830000 6.1827178
0.3840000 3.1423280
0.3850000 -0.5868172
0.3860000 -2.4489176
0.3870000 -1.5601108
0.3880000 -12.3726196
0.3890000 5.9720774
0.3900000 -2.6997323
0.3910000 -4.3631420
0.3920000 6.5972385
0.3930000 4.5450654
0.3940000 1.1526968
0.3950000 5.1294937
0.3960000 3.1568434
0.3970000 -7.0531712
0.3980000 2.2921281
0.3990000 -6.5942755
0.4000000 -8.1847305
0.4010000 -5.8891754
0.4020000 3.7502635
0.4030000 -3.4226999
0.4040000 -1.8861649
0.4050000 -7.2158575
0.4060000 2.4654183
0.4070000 -1.1635029
0.4080000 0.5172044
0.4090000 15.3617306
0.4100000 -3.3459008
0.4110000 3.6371772
0.4120000 -1.7923969
0.4130000 -5.3061819
0.4140000 -7.4759445
0.4150000 12.7819605
0.4160000 1.8535070
0.4170000 2.9127979
0.4180000 -1.7664661
0.4190000 -6.9967690
0.4200000 -5.2555671
0.4210000 -5.8555322
0.4220000 3.0933869
0.4230000 3.0359273
0.4240000 5.5169764
0.4250000 -7.3092337
0.4260000 4.8793192
0.4270000 -4.5501084
0.4280000 4.1857615
0.4290000 -4.4972200
0.4300000 -0.4298118
0.4310000 -7.2845721
0.4320000 2.4142344
0.4330000 -10.6597652
0.4340000 6.2714930
0.4350000 -4.7215595
0.4360000 -2.9421618
0.4370000 -1.2169162
0.4380000 -5.0677652
0.4390000 -9.1150084
0.4400000 4.2179599
0.4410000 3.4881942
0.4420000 3.8333054
0.4430000 0.8670835
0.4440000 6.4049516
0.4450000 5.4684892
0.4460000 0.2370418
0.4470000 -6.3187385
0.4480000 -5.0409994
0.4490000 1.9172773
0.4500000 -4.1106501
0.4510000 -3.1827261
0.4520000 -3.4542077
0.4530000 0.5924960
0.4540000 -4.1898189
0.4550000 -7.7228794
0.4560000 3.4414213
0.4570000 -1.1274621
0.4580000 0.8894104
0.4590000 4.2372813
0.4600000 -2.3284800
0.4610000 -0.7942228
0.4620000 -4.2794266
0.4630000 3.7350235
0.4640000 -2.7039847
0.4650000 1.5262609
0.4660000 6.2770290
0.4670000 -1.1255231
0.4680000 -3.5871806
0.4690000 -6.4698629
0.4700000 3.1636252
0.4710000 1.0141035
0.4720000 6.3688807
0.4730000 6.5666008
0.4740000 5.3930702
0.4750000 -2.0217581
0.4760000 8.4720383
0.4770000 1.7738760
0.4780000 7.1228046
0.4790000 -9.7122374
0.4800000 -3.2171617
0.4810000 -4.3368683
0.4820000 -6.6765246
0.4830000 1.2617381
0.4840000 -0.6166998
0.4850000 0.7611470
0.4860000 -1.1946905
0.4870000 7.4506612
0.4880000 -7.4197726
0.4890000 2.0541384
0.4900000 -4.9838820
0.4910000 6.7600102
0.4920000 4.5706029
0.4930000 -5.1622944
0.4940000 7.0149078
0.4950000 -5.5784554
0.4960000 5.8480783
0.4970000 9.3715792
0.4980000 0.4334144
0.4990000 -1.8366357
0.5000000 4.8953972
0.5010000 0.6196910
0.5020000 -8.3518486
0.5030000 -6.9176626
0.5040000 3.3664961
0.5050000 -0.3308273
0.5060000 -4.8990254
0.5070000 -8.5177231
0.5080000 -2.2067719
0.5090000 -1.4312043
0.5100000 -0.6578902
0.5110000 7.9735780
0.5120000 -1.9344378
0.5130000 2.0916917
0.5140000 0.2472846
0.5150000 1.6385422
0.5160000 -0.9524180
0.5170000 1.5639578
0.5180000 -6.1670046
0.5190000 0.5399703
0.5200000 5.6358008
0.5210000 -4.8127699
0.5220000 -0.9243952
0.5230000 -2.4791849
0.5240000 2.3784266
0.5250000 2.7114575
0.5260000 5.9826446
0.5270000 3.2766621
0.5280000 -9.9897604
0.5290000 -6.6544056
0.5300000 0.6859701
0.5310000 -3.3756909
0.5320000 -1.3639261
0.5330000 2.3840027
0.5340000 2.5462503
0.5350000 -4.6667995
0.5360000 7.2557449
0.5370000 2.3086913
0.5380000 -3.2112160
0.5390000 8.4903898
0.5400000 7.4377337
0.5410000 3.3704307
0.5420000 -1.3861575
0.5430000 8.1055145
0.5440000 0.7942792
0.5450000 7.3071833
0.5460000 7.6277237
0.5470000 0.2515535
0.5480000 2.4019740
0.5490000 -10.3381147
0.5500000 -1.7811120
0.5510000 -4.4601588
0.5520000 -4.4038305
0.5530000 -10.1162481
0.5540000 3.1263514
0.5550000 -1.4234776
0.5560000 -2.7605634
0.5570000 -4.7208753
0.5580000 -3.5304117
0.5590000 1.9121501
0.5600000 -6.4514709
0.5610000 -3.1295164
0.5620000 -1.3369424
0.5630000 -2.3710620
0.5640000 4.3214669
0.5650000 -2.3664174
0.5660000 -4.2493992
0.5670000 -1.2481190
0.5680000 8.0866690
0.5690000 -0.2104821
0.5700000 -1.5990243
0.5710000 -0.7276821
0.5720000 0.1963801
0.5730000 -5.5299206
0.5740000 1.6392711
0.5750000 -6.2356615
0.5760000 -4.2687407
0.5770000 -7.8678374
0.5780000 6.4412870
0.5790000 4.1929398
0.5800000 -5.1298413
0.5810000 1.6682241
0.5820000 -1.1555071
0.5830000 -11.2807484
0.5840000 3.3665175
0.5850000 7.1193109
0.5860000 -3.4938030
0.5870000 -8.9964046
0.5880000 2.9107406
0.5890000 -2.0105155
0.5900000 8.1553106
0.5910000 2.6481442
0.5920000 -10.8547153
0.5930000 -0.4255731
0.5940000 -1.8114992
0.5950000 -3.2647243
0.5960000 4.9057341
0.5970000 -3.9120150
0.5980000 9.0858831
0.5990000 14.7443647
0.6000000 0.5761246
0.6010000 -8.8538857
0.6020000 10.7699814
0.6030000 3.3223183
0.6040000 1.1294445
0.6050000 -5.1755514
0.6060000 6.5659547
0.6070000 1.3603344
0.6080000 3.9673131
0.6090000 -3.4556158
0.6100000 6.8032341
0.6110000 6.4720831
0.6120000 1.4213989
0.6130000 -6.5928259
0.6140000 -0.8614498
0.6150000 7.7341495
0.6160000 7.0119181
0.6170000 -4.8174043
0.6180000 0.7018716
0.6190000 2.7053885
0.6200000 -3.2199547
0.6210000 -6.5890265
0.6220000 13.1212950
0.6230000 0.2777516
0.6240000 -2.6547453
0.6250000 -2.2891207
0.6260000 1.2211821
0.6270000 -5.3807950
0.6280000 -9.1702929
0.6290000 4.1814351
0.6300000 6.5276985
0.6310000 1.3516880
0.6320000 -4.2372684
0.6330000 0.4246068
0.6340000 7.8484468
0.6350000 1.4077237
0.6360000 -10.2124319
0.6370000 -3.8713722
0.6380000 3.4425530
0.6390000 -2.4389329
0.6400000 -6.0060792
0.6410000 3.2546997
0.6420000 -4.3874698
0.6430000 -2.1790881
0.6440000 -7.5425549
0.6450000 5.7614503
0.6460000 -3.1353669
0.6470000 3.4858747
0.6480000 8.6750145
0.6490000 -3.1707907
0.6500000 -4.9174995
0.6510000 4.3932037
0.6520000 -3.9364905
0.6530000 -5.4591494
0.6540000 -6.4178529
0.6550000 3.4680743
0.6560000 -3.1059790
0.6570000 -2.9888797
0.6580000 3.3199182
0.6590000 6.7025576
0.6600000 -1.1775686
0.6610000 2.3619919
0.6620000 2.9140003
0.6630000 2.3033087
0.6640000 -5.1894374
0.6650000 -2.1809080
0.6660000 -1.3014141
0.6670000 4.5076022
0.6680000 -0.5336863
0.6690000 1.1502209
0.6700000 -2.3502305
0.6710000 5.1555934
0.6720000 -0.5096557
0.6730000 12.7118797
0.6740000 -0.0809176
0.6750000 7.1640425
0.6760000 1.1847184
0.6770000 8.3304968
0.6780000 3.5138230
0.6790000 5.5887213
0.6800000 -2.6632965
0.6810000 5.4292593
0.6820000 -5.1845412
0.6830000 3.8811471
0.6840000 1.8930274
0.6850000 1.6578925
0.6860000 -4.8642201
0.6870000 1.0309631
0.6880000 -9.6477003
0.6890000 -1.9260625
0.6900000 -10.4305334
0.6910000 5.1401272
0.6920000 2.6754360
0.6930000 12.1017275
0.6940000 -1.9950174
0.6950000 -4.6239910
0.6960000 -3.9509487
0.6970000 0.7582153
0.6980000 -17.2619572
0.6990000 -5.4428687
0.7000000 3.2625206
0.7010000 0.5770885
0.7020000 1.1179476
0.7030000 5.6864810
0.7040000 -2.7577426
0.7050000 1.6274832
0.7060000 7.4336247
0.7070000 -1.2860022
0.7080000 -7.3540950
0.7090000 3.6545131
0.7100000 4.4028563
0.7110000 0.6876537
0.7120000 3.2666886
0.7130000 -7.8787265
0.7140000 1.8523926
0.7150000 -3.0627367
0.7160000 -5.2168579
0.7170000 1.1354800
0.7180000 -3.3002532
0.7190000 1.0028205
0.7200000 1.4702175
0.7210000 -6.2865915
0.7220000 0.0133110
0.7230000 -0.6691825
0.7240000 8.6669102
0.7250000 1.5651634
0.7260000 4.8396254
0.7270000 -4.6441002
0.7280000 -4.8536830
0.7290000 9.3373127
0.7300000 3.0771334
0.7310000 -0.5368634
0.7320000 3.0649428
0.7330000 -4.3986621
0.7340000 0.5208582
0.7350000 -4.6763220
0.7360000 -4.4493785
0.7370000 4.1470141
0.7380000 -1.2007552
0.7390000 -2.6663380
0.7400000 0.9908771
0.7410000 10.7620411
0.7420000 0.9549953
0.7430000 6.7696619
0.7440000 -1.2478676
0.7450000 -1.7361890
0.7460000 -12.4098310
0.7470000 5.8783989
0.7480000 -6.6685109
0.7490000 0.4344786
0.7500000 -1.3079728
0.7510000 -6.6125474
0.7520000 5.4663653
0.7530000 -2.2063017
0.7540000 -2.6856868
0.7550000 -2.3012528
0.7560000 -2.8181512
0.7570000 -0.0170732
0.7580000 1.2168832
0.7590000 -2.6686590
0.7600000 10.1772356
0.7610000 -1.1505048
0.7620000 9.6538544
0.7630000 -6.9740014
0.7640000 -5.4007235
0.7650000 -8.3278608
0.7660000 4.2265158
0.7670000 0.9372207
0.7680000 6.4820724
0.7690000 2.6658180
0.7700000 -0.3799494
0.7710000 4.9488692
0.7720000 0.5624057
0.7730000 -2.3886085
0.7740000 -7.7482319
0.7750000 -0.9695478
0.7760000 -4.7173991
0.7770000 0.6817314
0.7780000 0.4745828
0.7790000 -0.3760852
0.7800000 1.2495924
0.7810000 3.0537722
0.7820000 4.0828466
0.7830000 12.5295000
0.7840000 -0.9397330
0.7850000 -0.9412170
0.7860000 -8.0297384
0.7870000 -0.4412745
0.7880000 -6.3686543
0.7890000 -6.6106696
0.7900000 -1.8193607
0.7910000 6.1513009
0.7920000 7.7314901
0.7930000 2.1541522
0.7940000 1.6155308
0.7950000 -1.8860857
0.7960000 3.3907256
0.7970000 6.2605085
0.7980000 -3.2388132
0.7990000 -7.0066733
0.8000000 -0.2284576
0.8010000 -1.3360894
0.8020000 -1.2860405
0.8030000 -0.9112982
0.8040000 -2.5238285
0.8050000 -6.4867415
0.8060000 6.8232837
0.8070000 -1.4519424
0.8080000 3.7941940
0.8090000 3.4032454
0.8100000 0.4039041
0.8110000 -0.3092483
0.8120000 -8.6214943
0.8130000 -6.4087815
0.8140000 -3.3479629
0.8150000 -1.8603895
0.8160000 3.7811134
0.8170000 -7.2803583
0.8180000 -0.6372038
0.8190000 1.7220247
0.8200000 3.3668346
0.8210000 0.1368767
0.8220000 10.6329193
0.8230000 -2.2793860
0.8240000 -1.9708985
0.8250000 2.8359070
0.8260000 -7.4303002
0.8270000 -1.1971401
0.8280000 -2.1983557
0.8290000 1.7992340
0.8300000 -9.7090302
0.8310000 -9.2670031
0.8320000 -5.0983253
0.8330000 1.8310581
0.8340000 3.9144137
0.8350000 -2.1119206
0.8360000 1.7907170
0.8370000 -0.4745101
0.8380000 -7.3759327
0.8390000 -3.8741896
0.8400000 10.4508162
0.8410000 -4.2807026
0.8420000 -2.1080241
0.8430000 -7.4154105
0.8440000 5.3680768
0.8450000 0.9089838
0.8460000 6.2365727
0.8470000 -7.0025353
0.8480000 -5.1295128
0.8490000 -1.5947496
0.8500000 -5.0172820
0.8510000 0.1977100
0.8520000 -2.3115249
0.8530000 -2.0135574
0.8540000 -1.5473557
0.8550000 3.0308254
0.8560000 -4.1346693
0.8570000 2.0687096
0.8580000 -3.6041555
0.8590000 -0.5160844
0.8600000 -8.5299740
0.8610000 -6.5904155
0.8620000 8.4482765
0.8630000 6.9424357
0.8640000 3.3547962
0.8650000 -4.1340146
0.8660000 4.9637895
0.8670000 -3.3941734
0.8680000 1.2169553
0.8690000 -2.1450939
0.8700000 0.1234981
0.8710000 -3.5546036
0.8720000 -5.9128475
0.8730000 2.2013848
0.8740000 1.0582502
0.8750000 -11.1099167
0.8760000 0.5689426
0.8770000 -3.5454419
0.8780000 -2.8648224
0.8790000 6.6236477
0.8800000 7.5908780
0.8810000 -3.5894527
0.8820000 7.8288155
0.8830000 5.6418333
0.8840000 0.2306485
0.8850000 7.3139081
0.8860000 3.1728599
0.8870000 2.8699617
0.8880000 1.5299103
0.8890000 -0.5114884
0.8900000 -0.6583030
0.8910000 0.0161687
0.8920000 0.1833314
0.8930000 -1.0285163
0.8940000 -0.7681535
0.8950000 0.7315151
0.8960000 1.1420094
0.8970000 -9.2213507
0.8980000 2.7455833
0.8990000 1.8442413
0.9000000 1.3083128
0.9010000 -5.6587319
0.9020000 0.4855063
0.9030000 -7.1586690
0.9040000 -0.8938208
0.9050000 2.7141614
0.9060000 8.5444441
0.9070000 -5.7806535
0.9080000 -2.9735475
0.9090000 2.5055225
0.9100000 8.3937740
0.9110000 0.4090638
0.9120000 0.8943031
0.9130000 -3.9701505
0.9140000 10.3696709
0.9150000 10.0353689
0.9160000 -7.0795317
0.9170000 4.7877145
0.9180000 -6.3783832
0.9190000 1.3939677
0.9200000 -7.4023499
0.9210000 1.5693692
0.9220000 -14.2975721
0.9230000 -1.0304230
0.9240000 -10.4782400
0.9250000 -6.0643997
0.9260000 8.5882111
0.9270000 -0.9044507
0.9280000 1.1562378
0.9290000 4.0923586
0.9300000 3.3602703
0.9310000 -7.7562261
0.9320000 -8.7421284
0.9330000 6.1816111
0.9340000 -3.6506052
0.9350000 -3.3185065
0.9360000 -6.6997638
0.9370000 -1.4191720
0.9380000 -3.4059820
0.9390000 -1.4464210
0.9400000 -1.8022265
0.9410000 0.6536810
0.9420000 -8.1134825
0.9430000 -9.1377172
0.9440000 -7.3855104
0.9450000 2.2664800
0.9460000 -8.6166410
0.9470000 -3.8402557
0.9480000 9.0418186
0.9490000 10.1129684
0.9500000 -1.3110342
0.9510000 -6.7934418
0.9520000 4.3308930
0.9530000 -0.8659518
0.9540000 -1.6012127
0.9550000 1.8743395
0.9560000 1.2582989
0.9570000 -3.7059991
0.9580000 -4.7566381
0.9590000 2.9391508
0.9600000 -6.5981116
0.9610000 -13.1049118
0.9620000 -13.1194687
0.9630000 -7.7460957
0.9640000 7.3123727
0.9650000 -7.9006824
0.9660000 -0.6033157
0.9670000 0.8534219
0.9680000 -0.7520614
0.9690000 -11.6673117
0.9700000 -7.6281762
0.9710000 7.3205123
0.9720000 -3.2357571
0.9730000 1.9705952
0.9740000 -2.3399649
0.9750000 6.2067938
0.9760000 -3.1893458
0.9770000 -6.7942328
0.9780000 -4.5398822
0.9790000 1.9739834
0.9800000 -0.2813363
0.9810000 -3.6012399
0.9820000 7.2188163
0.9830000 3.9891567
0.9840000 -7.3294783
0.9850000 -8.7904854
0.9860000 -2.6813815
0.9870000 -7.3282385
0.9880000 4.9951839
0.9890000 -11.4978447
0.9900000 -7.6018586
0.9910000 4.9657588
0.9920000 -7.1537900
0.9930000 0.7599481
0.9940000 4.8620896
0.9950000 -6.1901140
0.9960000 -3.6467810
0.9970000 -3.2846031
0.9980000 -7.5152855
0.9990000 3.2147343
